0.0 28.67 1.04 2.0 8.0 4.0 2.5 1.0 1.0 5.0 1.0 2.0 300.0 1431.0 1.0 
0.0 24.5 0.5 2.0 11.0 8.0 1.5 1.0 0.0 0.0 0.0 2.0 280.0 825.0 1.0 
1.0 42.75 3.0 2.0 3.0 5.0 1.0 1.0 0.0 0.0 0.0 2.0 0.0 201.0 0.0 
0.0 20.75 10.33 2.0 13.0 8.0 0.335 1.0 1.0 1.0 1.0 2.0 80.0 51.0 1.0 
1.0 18.42 10.41 1.0 6.0 4.0 0.125 1.0 0.0 0.0 0.0 2.0 120.0 376.0 0.0 
1.0 69.17 9.0 2.0 1.0 1.0 4.0 0.0 1.0 1.0 0.0 2.0 70.0 7.0 0.0 
0.0 18.92 9.25 1.0 8.0 4.0 1.0 1.0 1.0 4.0 1.0 2.0 80.0 501.0 1.0 
1.0 23.08 11.5 2.0 9.0 8.0 2.125 1.0 1.0 11.0 1.0 2.0 290.0 285.0 1.0 
0.0 22.25 1.25 1.0 1.0 1.0 3.25 0.0 0.0 0.0 0.0 2.0 280.0 1.0 0.0 
0.0 22.83 2.29 2.0 11.0 8.0 2.29 1.0 1.0 7.0 1.0 2.0 140.0 2385.0 1.0 
1.0 24.33 6.62 1.0 2.0 4.0 5.5 1.0 0.0 0.0 1.0 1.0 100.0 1.0 1.0 
1.0 39.92 0.54 1.0 6.0 4.0 0.5 1.0 1.0 3.0 0.0 2.0 200.0 1001.0 1.0 
1.0 39.0 5.0 2.0 13.0 4.0 3.5 1.0 1.0 10.0 1.0 2.0 0.0 1.0 1.0 
0.0 18.75 7.5 2.0 11.0 4.0 2.71 1.0 1.0 5.0 0.0 2.0 184.0 26727.0 1.0 
1.0 17.42 6.5 2.0 3.0 4.0 0.125 0.0 0.0 0.0 0.0 2.0 60.0 101.0 0.0 
0.0 26.92 13.5 2.0 11.0 8.0 5.0 1.0 1.0 2.0 0.0 2.0 0.0 5001.0 1.0 
0.0 16.92 0.5 2.0 3.0 4.0 0.165 0.0 1.0 6.0 1.0 2.0 240.0 36.0 0.0 
1.0 28.75 1.16 2.0 4.0 4.0 0.5 1.0 0.0 0.0 0.0 1.0 280.0 1.0 0.0 
1.0 44.0 2.0 2.0 7.0 4.0 1.75 1.0 1.0 2.0 1.0 2.0 0.0 16.0 1.0 
1.0 31.57 10.5 2.0 14.0 4.0 6.5 1.0 0.0 0.0 0.0 2.0 0.0 1.0 1.0 
1.0 54.83 15.5 2.0 10.0 9.0 0.0 1.0 1.0 20.0 0.0 2.0 152.0 131.0 0.0 
0.0 25.75 0.5 2.0 8.0 8.0 0.875 1.0 0.0 0.0 1.0 2.0 491.0 1.0 1.0 
0.0 31.92 3.12 2.0 1.0 1.0 3.04 0.0 1.0 2.0 1.0 2.0 200.0 5.0 0.0 
1.0 34.08 2.5 2.0 8.0 4.0 1.0 0.0 0.0 0.0 0.0 2.0 460.0 17.0 0.0 
1.0 41.5 1.54 2.0 3.0 5.0 3.5 0.0 0.0 0.0 0.0 2.0 216.0 1.0 1.0 
1.0 23.0 0.75 2.0 7.0 4.0 0.5 1.0 0.0 0.0 1.0 1.0 320.0 1.0 0.0 
0.0 36.0 1.0 2.0 8.0 4.0 2.0 1.0 1.0 11.0 0.0 2.0 0.0 457.0 1.0 
0.0 24.33 2.5 1.0 3.0 5.0 4.5 0.0 0.0 0.0 0.0 2.0 200.0 457.0 0.0 
1.0 27.25 1.66 2.0 13.0 8.0 5.085 1.0 1.0 9.0 0.0 2.0 399.0 828.0 1.0 
0.0 22.67 3.8 2.0 8.0 4.0 0.165 0.0 0.0 0.0 0.0 2.0 160.0 1.0 0.0 
0.0 22.92 11.58 2.0 13.0 4.0 0.04 1.0 0.0 0.0 0.0 2.0 80.0 1350.0 1.0 
1.0 59.67 1.54 2.0 11.0 4.0 0.125 1.0 0.0 0.0 1.0 2.0 260.0 1.0 1.0 
1.0 36.08 2.54 2.0 1.0 1.0 0.0 0.0 0.0 0.0 0.0 2.0 0.0 1001.0 0.0 
0.0 35.42 12.0 2.0 11.0 8.0 14.0 1.0 1.0 8.0 0.0 2.0 0.0 6591.0 1.0 
0.0 19.75 0.75 2.0 8.0 4.0 0.795 1.0 1.0 5.0 1.0 2.0 140.0 6.0 0.0 
1.0 29.67 0.75 1.0 8.0 4.0 0.04 0.0 0.0 0.0 0.0 2.0 240.0 1.0 0.0 
1.0 43.17 2.25 2.0 3.0 5.0 0.75 1.0 0.0 0.0 0.0 2.0 560.0 1.0 0.0 
0.0 20.07 1.25 2.0 8.0 4.0 0.0 0.0 0.0 0.0 0.0 2.0 0.0 1.0 0.0 
0.0 45.33 1.0 2.0 11.0 4.0 0.125 0.0 0.0 0.0 1.0 2.0 263.0 1.0 0.0 
1.0 73.42 17.75 2.0 1.0 1.0 0.0 1.0 0.0 0.0 1.0 2.0 0.0 1.0 1.0 
1.0 16.25 0.0 1.0 6.0 4.0 0.25 0.0 0.0 0.0 0.0 2.0 60.0 1.0 0.0 
1.0 41.17 4.04 2.0 13.0 8.0 7.0 1.0 1.0 8.0 0.0 2.0 320.0 1.0 1.0 
0.0 19.57 0.66 1.0 8.0 4.0 1.0 0.0 1.0 1.0 0.0 2.0 2000.0 3.0 0.0 
0.0 26.08 8.66 2.0 6.0 4.0 1.415 1.0 0.0 0.0 0.0 2.0 160.0 151.0 1.0 
1.0 20.67 0.41 2.0 8.0 4.0 0.125 0.0 0.0 0.0 0.0 2.0 0.0 45.0 0.0 
1.0 19.32 9.5 2.0 11.0 4.0 1.0 1.0 0.0 0.0 1.0 2.0 60.0 401.0 1.0 
0.0 65.17 14.0 2.0 1.0 1.0 0.0 1.0 1.0 11.0 1.0 2.0 0.0 1401.0 1.0 
1.0 27.83 4.0 1.0 3.0 8.0 5.75 1.0 1.0 2.0 1.0 2.0 75.0 1.0 0.0 
0.0 22.67 0.79 2.0 3.0 4.0 0.085 0.0 0.0 0.0 0.0 2.0 144.0 1.0 0.0 
1.0 31.08 1.5 1.0 9.0 4.0 0.04 0.0 0.0 0.0 0.0 1.0 160.0 1.0 0.0 
0.0 46.67 0.46 2.0 13.0 8.0 0.415 1.0 1.0 11.0 1.0 2.0 440.0 7.0 1.0 
1.0 18.07 5.5 2.0 4.0 4.0 0.5 1.0 0.0 0.0 0.0 2.0 80.0 1.0 1.0 
1.0 21.5 11.5 2.0 3.0 4.0 0.5 1.0 0.0 0.0 1.0 2.0 100.0 69.0 0.0 
1.0 31.58 0.75 1.0 6.0 4.0 3.5 0.0 0.0 0.0 1.0 2.0 320.0 1.0 0.0 
1.0 39.17 1.62 2.0 8.0 4.0 1.5 1.0 1.0 10.0 0.0 2.0 186.0 4701.0 1.0 
1.0 20.17 9.25 2.0 8.0 4.0 1.665 1.0 1.0 3.0 1.0 2.0 40.0 29.0 1.0 
0.0 20.67 1.83 2.0 11.0 4.0 2.085 1.0 1.0 5.0 0.0 2.0 220.0 2504.0 1.0 
1.0 23.08 2.5 2.0 1.0 1.0 0.085 0.0 0.0 0.0 1.0 2.0 100.0 4209.0 0.0 
1.0 34.08 0.08 1.0 7.0 5.0 0.04 1.0 1.0 1.0 1.0 2.0 280.0 2001.0 1.0 
0.0 18.57 10.0 2.0 2.0 4.0 0.415 0.0 0.0 0.0 0.0 2.0 80.0 43.0 0.0 
1.0 22.67 0.16 2.0 8.0 3.0 2.25 0.0 0.0 0.0 1.0 1.0 0.0 1.0 1.0 
0.0 25.33 2.08 2.0 8.0 8.0 2.75 1.0 0.0 0.0 1.0 2.0 360.0 2.0 0.0 
1.0 19.67 10.0 1.0 4.0 8.0 0.835 1.0 0.0 0.0 1.0 2.0 140.0 1.0 0.0 
1.0 24.58 12.5 2.0 9.0 4.0 0.875 1.0 0.0 0.0 1.0 2.0 260.0 1.0 0.0 
1.0 36.67 2.0 2.0 3.0 4.0 0.25 0.0 0.0 0.0 1.0 2.0 221.0 1.0 0.0 
0.0 28.08 15.0 1.0 10.0 9.0 0.0 1.0 0.0 0.0 0.0 2.0 0.0 13213.0 1.0 
1.0 20.5 2.41 2.0 8.0 4.0 2.0 1.0 1.0 11.0 1.0 2.0 200.0 3001.0 1.0 
1.0 23.17 0.0 2.0 8.0 4.0 0.0 0.0 0.0 0.0 0.0 3.0 184.0 1.0 1.0 
1.0 74.83 19.0 1.0 1.0 1.0 0.04 0.0 1.0 2.0 0.0 2.0 0.0 352.0 0.0 
0.0 47.0 13.0 2.0 3.0 5.0 5.165 1.0 1.0 9.0 1.0 2.0 0.0 1.0 1.0 
1.0 48.5 4.25 2.0 7.0 4.0 0.125 1.0 0.0 0.0 1.0 2.0 225.0 1.0 1.0 
0.0 18.25 10.0 2.0 9.0 4.0 1.0 0.0 1.0 1.0 0.0 2.0 120.0 2.0 0.0 
0.0 22.42 11.25 1.0 14.0 8.0 0.75 1.0 1.0 4.0 0.0 2.0 0.0 322.0 1.0 
1.0 51.42 0.04 2.0 14.0 8.0 0.04 1.0 0.0 0.0 0.0 2.0 0.0 3001.0 1.0 
1.0 57.42 8.5 2.0 10.0 8.0 7.0 1.0 1.0 3.0 0.0 2.0 0.0 1.0 1.0 
1.0 25.25 1.0 2.0 6.0 4.0 0.5 0.0 0.0 0.0 0.0 2.0 200.0 1.0 0.0 
1.0 48.25 25.08 2.0 9.0 4.0 1.75 1.0 1.0 3.0 0.0 2.0 120.0 15.0 1.0 
1.0 31.67 16.16 2.0 2.0 4.0 3.0 1.0 1.0 9.0 0.0 2.0 250.0 731.0 1.0 
0.0 37.75 5.5 2.0 11.0 4.0 0.125 1.0 0.0 0.0 1.0 2.0 228.0 1.0 1.0 
1.0 35.17 25.12 2.0 14.0 8.0 1.625 1.0 1.0 1.0 1.0 2.0 515.0 501.0 1.0 
0.0 33.75 0.75 2.0 4.0 5.0 1.0 1.0 1.0 3.0 1.0 2.0 212.0 1.0 0.0 
1.0 28.25 5.12 2.0 14.0 4.0 4.75 1.0 1.0 2.0 0.0 2.0 420.0 8.0 1.0 
1.0 25.0 12.0 2.0 4.0 4.0 2.25 1.0 1.0 2.0 1.0 2.0 120.0 6.0 0.0 
1.0 23.42 0.58 2.0 8.0 8.0 0.085 1.0 0.0 0.0 0.0 2.0 180.0 1.0 0.0 
0.0 40.83 10.0 2.0 11.0 8.0 1.75 1.0 0.0 0.0 0.0 2.0 29.0 838.0 1.0 
1.0 32.75 1.5 2.0 13.0 8.0 5.5 1.0 1.0 3.0 1.0 2.0 0.0 1.0 1.0 
1.0 59.5 2.75 2.0 9.0 4.0 1.75 1.0 1.0 5.0 1.0 2.0 60.0 59.0 1.0 
1.0 16.92 0.33 1.0 4.0 4.0 0.29 0.0 0.0 0.0 0.0 1.0 200.0 1.0 0.0 
1.0 26.83 0.54 2.0 4.0 1.0 0.0 0.0 0.0 0.0 0.0 2.0 100.0 1.0 0.0 
0.0 18.07 0.37 3.0 13.0 1.0 10.0 0.0 0.0 0.0 1.0 1.0 300.0 1.0 1.0 
1.0 22.17 12.12 2.0 8.0 4.0 3.335 0.0 1.0 2.0 1.0 2.0 180.0 174.0 0.0 
0.0 23.5 9.0 2.0 11.0 4.0 8.5 1.0 1.0 5.0 1.0 2.0 120.0 1.0 1.0 
1.0 48.58 6.5 2.0 11.0 8.0 6.0 1.0 0.0 0.0 1.0 2.0 350.0 1.0 1.0 
1.0 25.67 3.25 2.0 8.0 8.0 2.29 0.0 1.0 1.0 1.0 2.0 416.0 22.0 0.0 
0.0 30.42 1.37 2.0 9.0 8.0 0.04 0.0 1.0 3.0 0.0 2.0 0.0 34.0 0.0 
1.0 21.17 0.25 1.0 8.0 8.0 0.25 0.0 0.0 0.0 0.0 2.0 280.0 205.0 0.0 
0.0 24.75 3.0 2.0 11.0 8.0 1.835 1.0 1.0 19.0 0.0 2.0 0.0 501.0 1.0 
0.0 20.42 0.83 2.0 11.0 4.0 1.585 1.0 1.0 1.0 0.0 2.0 0.0 1.0 1.0 
1.0 20.42 1.08 2.0 11.0 4.0 1.5 0.0 0.0 0.0 0.0 2.0 108.0 8.0 0.0 
1.0 22.08 2.33 2.0 4.0 4.0 0.75 0.0 0.0 0.0 0.0 2.0 180.0 1.0 0.0 
1.0 18.82 3.54 1.0 1.0 1.0 0.0 0.0 0.0 0.0 1.0 2.0 180.0 2.0 0.0 
1.0 32.33 2.5 2.0 8.0 4.0 1.25 0.0 0.0 0.0 1.0 2.0 280.0 1.0 0.0 
0.0 22.58 10.75 2.0 11.0 4.0 0.415 1.0 1.0 5.0 1.0 2.0 0.0 561.0 1.0 
0.0 23.75 0.71 2.0 9.0 4.0 0.25 0.0 1.0 1.0 1.0 2.0 240.0 5.0 0.0 
1.0 26.33 13.0 2.0 10.0 2.0 0.0 0.0 0.0 0.0 1.0 2.0 140.0 1111.0 0.0 
1.0 25.17 3.0 2.0 8.0 4.0 1.25 0.0 1.0 1.0 0.0 2.0 0.0 23.0 0.0 
1.0 45.0 8.5 2.0 13.0 8.0 14.0 1.0 1.0 1.0 1.0 2.0 88.0 2001.0 1.0 
0.0 56.83 4.25 1.0 1.0 1.0 5.0 0.0 0.0 0.0 1.0 2.0 0.0 5.0 0.0 
1.0 39.92 5.0 2.0 3.0 5.0 0.21 0.0 0.0 0.0 0.0 2.0 550.0 1.0 0.0 
1.0 24.08 0.87 2.0 7.0 4.0 0.085 0.0 1.0 4.0 0.0 2.0 254.0 1951.0 0.0 
1.0 32.92 2.5 2.0 6.0 4.0 1.75 0.0 1.0 2.0 1.0 2.0 720.0 1.0 0.0 
1.0 24.42 12.33 2.0 11.0 8.0 1.585 1.0 0.0 0.0 1.0 2.0 120.0 1.0 1.0 
0.0 17.32 9.5 2.0 6.0 4.0 1.75 0.0 1.0 10.0 1.0 2.0 0.0 11.0 0.0 
0.0 23.0 11.75 2.0 14.0 8.0 0.5 1.0 1.0 2.0 1.0 2.0 300.0 552.0 1.0 
1.0 22.17 0.58 1.0 1.0 1.0 0.0 0.0 0.0 0.0 0.0 2.0 100.0 1.0 0.0 
1.0 22.58 10.03 2.0 14.0 4.0 0.04 1.0 1.0 9.0 0.0 2.0 60.0 397.0 1.0 
1.0 25.0 11.25 2.0 8.0 4.0 2.5 1.0 1.0 17.0 0.0 2.0 200.0 1209.0 1.0 
0.0 49.0 1.5 2.0 5.0 3.0 0.0 1.0 0.0 0.0 1.0 2.0 100.0 28.0 0.0 
1.0 18.57 10.29 2.0 1.0 1.0 0.415 0.0 0.0 0.0 0.0 2.0 80.0 1.0 0.0 
0.0 20.5 11.83 2.0 8.0 8.0 6.0 1.0 0.0 0.0 0.0 2.0 340.0 1.0 1.0 
0.0 30.25 5.5 2.0 4.0 4.0 5.5 0.0 0.0 0.0 1.0 1.0 100.0 1.0 0.0 
0.0 25.08 2.54 1.0 6.0 4.0 0.25 1.0 0.0 0.0 1.0 2.0 370.0 1.0 1.0 
1.0 18.25 0.16 2.0 2.0 4.0 0.25 0.0 0.0 0.0 1.0 1.0 280.0 1.0 0.0 
1.0 34.5 4.04 1.0 3.0 5.0 8.5 1.0 1.0 7.0 1.0 2.0 195.0 1.0 1.0 
1.0 34.75 15.0 2.0 12.0 7.0 5.375 1.0 1.0 9.0 1.0 2.0 0.0 135.0 1.0 
0.0 58.33 10.0 2.0 11.0 4.0 4.0 1.0 1.0 14.0 0.0 2.0 0.0 1603.0 1.0 
0.0 52.83 15.0 2.0 8.0 4.0 5.5 1.0 1.0 14.0 0.0 2.0 0.0 2201.0 1.0 
0.0 28.17 0.37 2.0 11.0 4.0 0.585 1.0 1.0 4.0 0.0 2.0 80.0 1.0 1.0 
0.0 32.33 0.54 2.0 13.0 4.0 0.04 1.0 0.0 0.0 0.0 2.0 440.0 11178.0 1.0 
1.0 28.0 3.0 2.0 9.0 4.0 0.75 0.0 0.0 0.0 1.0 2.0 300.0 68.0 0.0 
0.0 30.5 6.5 2.0 8.0 5.0 4.0 1.0 1.0 7.0 1.0 2.0 0.0 3066.0 1.0 
1.0 63.33 0.54 2.0 8.0 4.0 0.585 1.0 1.0 3.0 1.0 2.0 180.0 1.0 0.0 
1.0 67.75 5.5 2.0 10.0 9.0 13.0 1.0 1.0 1.0 1.0 2.0 0.0 1.0 1.0 
1.0 37.17 4.0 2.0 8.0 5.0 5.0 1.0 0.0 0.0 1.0 1.0 280.0 1.0 0.0 
1.0 30.17 6.5 2.0 13.0 4.0 3.125 1.0 1.0 8.0 0.0 2.0 330.0 1201.0 1.0 
1.0 36.17 5.5 2.0 3.0 5.0 5.0 0.0 0.0 0.0 0.0 2.0 210.0 688.0 0.0 
0.0 26.5 2.71 1.0 8.0 4.0 0.085 0.0 0.0 0.0 0.0 1.0 80.0 1.0 0.0 
0.0 21.75 1.75 1.0 5.0 3.0 0.0 0.0 0.0 0.0 0.0 2.0 160.0 1.0 0.0 
1.0 29.25 14.79 2.0 6.0 4.0 5.04 1.0 1.0 5.0 1.0 2.0 168.0 1.0 1.0 
1.0 42.0 0.2 2.0 3.0 8.0 5.125 1.0 0.0 0.0 0.0 2.0 400.0 1.0 1.0 
1.0 22.25 9.0 2.0 6.0 4.0 0.085 0.0 0.0 0.0 0.0 2.0 0.0 1.0 0.0 
0.0 21.08 5.0 1.0 1.0 1.0 0.0 0.0 0.0 0.0 0.0 2.0 0.0 1.0 0.0 
1.0 21.25 1.5 2.0 9.0 4.0 1.5 0.0 0.0 0.0 0.0 2.0 150.0 9.0 1.0 
1.0 56.42 28.0 1.0 8.0 4.0 28.5 1.0 1.0 40.0 0.0 2.0 0.0 16.0 1.0 
1.0 54.42 0.5 1.0 4.0 8.0 3.96 1.0 0.0 0.0 0.0 2.0 180.0 315.0 1.0 
1.0 13.75 4.0 1.0 9.0 4.0 1.75 1.0 1.0 2.0 1.0 2.0 120.0 1001.0 1.0 
1.0 27.0 1.5 1.0 9.0 4.0 0.375 1.0 0.0 0.0 1.0 2.0 260.0 1066.0 1.0 
1.0 20.0 0.0 2.0 2.0 4.0 0.5 0.0 0.0 0.0 0.0 2.0 144.0 1.0 0.0 
1.0 19.42 7.25 2.0 7.0 4.0 0.04 0.0 1.0 1.0 0.0 2.0 100.0 2.0 0.0 
1.0 17.5 22.0 3.0 1.0 7.0 0.0 0.0 0.0 0.0 1.0 3.0 450.0 100001.0 1.0 
1.0 17.07 0.25 2.0 11.0 4.0 0.335 0.0 1.0 4.0 0.0 2.0 160.0 9.0 0.0 
1.0 60.08 14.5 2.0 1.0 1.0 18.0 1.0 1.0 15.0 1.0 2.0 0.0 1001.0 1.0 
1.0 34.0 5.08 1.0 3.0 5.0 1.085 0.0 0.0 0.0 1.0 2.0 480.0 1.0 0.0 
1.0 21.92 0.5 2.0 8.0 4.0 0.125 0.0 0.0 0.0 0.0 2.0 360.0 1.0 0.0 
1.0 29.42 1.25 2.0 9.0 4.0 1.75 0.0 0.0 0.0 0.0 2.0 200.0 1.0 0.0 
0.0 69.5 6.0 2.0 1.0 1.0 0.0 0.0 0.0 0.0 0.0 1.0 0.0 1.0 0.0 
0.0 47.75 8.0 2.0 8.0 4.0 7.875 1.0 1.0 6.0 1.0 2.0 0.0 1261.0 1.0 
1.0 39.5 1.62 2.0 8.0 4.0 1.5 0.0 0.0 0.0 0.0 2.0 0.0 317.0 0.0 
1.0 27.0 0.75 2.0 8.0 8.0 4.25 1.0 1.0 3.0 1.0 2.0 312.0 151.0 1.0 
1.0 53.92 9.62 2.0 10.0 4.0 8.665 1.0 1.0 5.0 0.0 2.0 0.0 1.0 1.0 
0.0 25.25 12.5 2.0 2.0 4.0 1.0 0.0 0.0 0.0 1.0 2.0 180.0 1063.0 0.0 
1.0 41.58 1.75 2.0 4.0 4.0 0.21 1.0 0.0 0.0 0.0 2.0 160.0 1.0 0.0 
0.0 51.92 6.5 2.0 3.0 5.0 3.085 0.0 0.0 0.0 1.0 2.0 73.0 1.0 0.0 
1.0 62.75 7.0 2.0 10.0 9.0 0.0 0.0 0.0 0.0 0.0 2.0 0.0 13.0 0.0 
0.0 23.42 0.79 1.0 11.0 4.0 1.5 1.0 1.0 2.0 1.0 2.0 80.0 401.0 1.0 
1.0 21.08 10.08 1.0 10.0 8.0 1.25 0.0 0.0 0.0 0.0 2.0 260.0 1.0 0.0 
1.0 22.67 10.5 2.0 11.0 8.0 1.335 1.0 0.0 0.0 0.0 2.0 100.0 1.0 1.0 
1.0 25.67 12.5 2.0 13.0 4.0 1.21 1.0 1.0 67.0 1.0 2.0 140.0 259.0 1.0 
0.0 50.08 12.54 2.0 6.0 4.0 2.29 1.0 1.0 3.0 1.0 2.0 156.0 1.0 1.0 
1.0 80.25 5.5 2.0 8.0 4.0 0.54 1.0 0.0 0.0 0.0 2.0 0.0 341.0 0.0 
1.0 23.75 0.41 1.0 8.0 4.0 0.04 0.0 1.0 2.0 0.0 2.0 128.0 7.0 0.0 
1.0 19.67 0.37 2.0 11.0 4.0 2.0 1.0 1.0 2.0 1.0 2.0 80.0 1.0 1.0 
1.0 28.75 1.5 1.0 8.0 4.0 1.5 1.0 0.0 0.0 1.0 2.0 0.0 226.0 0.0 
1.0 27.83 1.5 2.0 9.0 4.0 2.25 0.0 1.0 1.0 1.0 2.0 100.0 4.0 0.0 
1.0 28.25 0.87 2.0 7.0 4.0 0.96 1.0 1.0 3.0 1.0 2.0 396.0 1.0 1.0 
1.0 56.0 12.5 2.0 4.0 8.0 8.0 1.0 0.0 0.0 1.0 2.0 24.0 2029.0 1.0 
1.0 25.33 0.57 2.0 8.0 4.0 0.29 1.0 1.0 7.0 1.0 2.0 96.0 5125.0 1.0 
0.0 71.58 0.0 2.0 8.0 4.0 0.0 0.0 0.0 0.0 0.0 3.0 184.0 1.0 1.0 
1.0 21.5 9.75 2.0 8.0 4.0 0.25 1.0 0.0 0.0 0.0 2.0 140.0 1.0 0.0 
1.0 16.17 0.04 2.0 8.0 4.0 0.04 0.0 0.0 0.0 0.0 2.0 0.0 1.0 1.0 
1.0 34.83 4.0 2.0 2.0 5.0 12.5 1.0 0.0 0.0 1.0 2.0 184.0 1.0 0.0 
1.0 27.67 0.75 2.0 11.0 8.0 0.165 0.0 0.0 0.0 1.0 2.0 220.0 252.0 0.0 
1.0 24.08 9.0 2.0 6.0 4.0 0.25 0.0 0.0 0.0 1.0 2.0 0.0 1.0 0.0 
0.0 42.25 1.75 1.0 8.0 4.0 0.0 0.0 0.0 0.0 1.0 2.0 150.0 2.0 0.0 
0.0 38.92 1.66 2.0 6.0 4.0 0.25 0.0 0.0 0.0 0.0 2.0 0.0 391.0 0.0 
1.0 27.75 1.29 2.0 4.0 8.0 0.25 0.0 0.0 0.0 1.0 1.0 140.0 1.0 0.0 
1.0 26.17 0.83 2.0 13.0 4.0 1.165 0.0 0.0 0.0 0.0 2.0 100.0 1.0 0.0 
1.0 22.5 11.5 1.0 7.0 4.0 1.5 0.0 0.0 0.0 1.0 2.0 0.0 4001.0 0.0 
0.0 45.83 10.5 2.0 11.0 4.0 5.0 1.0 1.0 7.0 1.0 2.0 0.0 1.0 1.0 
0.0 19.17 0.58 1.0 6.0 4.0 0.585 1.0 0.0 0.0 1.0 2.0 160.0 1.0 0.0 
1.0 25.17 3.5 2.0 13.0 4.0 0.625 1.0 1.0 7.0 0.0 2.0 0.0 7060.0 1.0 
1.0 32.25 14.0 1.0 1.0 1.0 0.0 0.0 1.0 2.0 0.0 2.0 160.0 2.0 0.0 
1.0 28.25 5.04 1.0 8.0 5.0 1.5 1.0 1.0 8.0 1.0 2.0 144.0 8.0 1.0 
1.0 27.58 2.04 1.0 6.0 4.0 2.0 1.0 1.0 3.0 1.0 2.0 370.0 561.0 1.0 
0.0 39.08 4.0 2.0 8.0 4.0 3.0 0.0 0.0 0.0 0.0 2.0 480.0 1.0 0.0 
1.0 33.58 0.25 2.0 3.0 5.0 4.0 0.0 0.0 0.0 1.0 1.0 420.0 1.0 0.0 
1.0 31.57 5.0 1.0 6.0 4.0 8.5 1.0 0.0 0.0 0.0 2.0 0.0 1.0 0.0 
1.0 56.58 18.5 2.0 2.0 5.0 15.0 1.0 1.0 17.0 1.0 2.0 0.0 1.0 1.0 
0.0 29.5 1.08 1.0 14.0 4.0 1.0 0.0 0.0 0.0 0.0 2.0 280.0 14.0 0.0 
1.0 40.92 0.83 2.0 1.0 1.0 0.0 1.0 0.0 0.0 0.0 2.0 130.0 2.0 0.0 
1.0 31.57 3.0 1.0 3.0 5.0 7.0 0.0 0.0 0.0 0.0 2.0 0.0 2.0 0.0 
1.0 36.17 18.12 2.0 9.0 4.0 0.085 0.0 0.0 0.0 0.0 2.0 320.0 3553.0 0.0 
1.0 22.75 11.5 2.0 3.0 4.0 0.415 0.0 0.0 0.0 0.0 2.0 0.0 1.0 0.0 
1.0 41.42 5.0 2.0 11.0 8.0 5.0 1.0 1.0 6.0 1.0 2.0 470.0 1.0 1.0 
0.0 23.58 0.58 1.0 1.0 1.0 0.125 0.0 0.0 0.0 0.0 2.0 120.0 88.0 0.0 
1.0 31.83 2.5 2.0 6.0 4.0 7.5 1.0 0.0 0.0 1.0 2.0 523.0 1.0 0.0 
1.0 40.58 1.5 2.0 3.0 5.0 0.0 0.0 0.0 0.0 0.0 1.0 300.0 1.0 0.0 
